1- Sıkıntı
~(sqrt((A+15)*B)-sin(C*0.15/D))+ln(D/B)
10 10000000
A -10 10 0.2 0.1 0.01 0.09 0.2 0.002 0.098 0.3 0 0
B 0 2.5 0.1 .1 .1 .1 .1 .1 .1 .1 .1 .1
C -0.235 0 0.2 0.2 0.2 0.2 0 0 0 0 0.1 0.1
D 1 100 0.123 0.353 0.234 0.234 0.056 0 0 0 0 0

A*B*C*D
10 10000000
A -10 10 0.1 .1 .1 .1 .1 .1 .1 .1 .1 .1
B 0 2.5 0.1 .1 .1 .1 .1 .1 .1 .1 .1 .1
C -0.235 0 0.2 0.2 0.2 0.2 0 0 0 0 0.1 0.1
D 1 100 0.123 0.353 0.234 0.234 0.056 0 0 0 0 0

A+B+C+D
10 5000000
A -10 10 0.2 0.1 0.01 0.09 0.2 0.002 0.098 0.3 0 0
B 0 2.5 0.1 .1 .1 .1 .1 .1 .1 .1 .1 .1
C -0.235 0 0.2 0.2 0.2 0.2 0 0 0 0 0.1 0.1
D 1 100 0.123 0.353 0.234 0.234 0.056 0 0 0 0 0

A
10 10000000
A -10 10 0.207 0.093 0.01 0.03 0.2 0.008 0.098 0.3 0 0

A 
2 100000
A -10 100 0.5 0.5

A+A
2 2000000
A -0.235 0 0.5 0.5

A+B
10 100000
A -10 10 0.2 0.1 0.01 0.09 0.2 0.002 0.098 0.3 0 0
B 0 2.5 0.1 .1 .1 .1 .1 .1 .1 .1 .1 .1
