6
7
9
10
11
21
24
24
30
32
33
33
34
38
39
41
43
46
48
53
54
55
58
61
62
66
70
71
74
76
76
79
81
82
83
86
89
102
106
111
112
112
113
113
115
118
118
119
121
121
122
124
125
125
126
126
130
131
135
136
140
142
145
149
149
154
157
157
158
160
164
166
169
170
170
172
174
176
179
179
180
183
184
184
185
186
190
191
192
195
198
198
199
202
204
205
207
209
210
211
211
213
214
214
215
218
221
221
222
223
228
235
238
243
246
248
248
249
250
250
251
251
256
256
257
262
263
264
265
265
265
266
268
268
269
271
271
272
275
281
284
285
286
288
288
290
290
295
296
298
299
300
300
302
303
306
306
310
310
311
322
322
326
331
332
335
335
336
339
343
347
347
349
350
351
352
357
359
364
365
368
368
369
373
374
376
376
376
377
381
381
381
384
384
388
390
392
393
393
397
401
404
406
411
412
412
415
417
419
421
424
425
426
426
427
431
431
434
441
443
443
445
445
446
450
450
451
454
454
456
457
458
459
459
459
459
459
461
461
472
480
480
481
482
484
484
486
490
495
496
498
499
499
500
503
508
512
513
515
520
521
521
522
522
523
525
529
529
529
530
530
533
535
536
545
547
548
549
551
552
553
556
558
567
568
570
571
576
577
577
580
581
583
585
585
586
587
587
588
592
592
595
596
599
599
609
610
612
618
619
620
621
627
629
631
632
636
636
637
639
641
644
645
647
647
648
648
649
649
650
651
653
655
657
660
662
664
671
675
676
681
681
682
683
683
688
691
693
696
698
699
700
703
705
705
706
712
712
713
713
716
718
721
724
724
726
727
728
731
734
738
739
747
750
750
751
752
752
753
753
754
763
766
767
767
768
771
774
782
783
785
789
790
794
797
801
802
803
804
807
816
816
817
818
819
820
820
821
826
828
831
836
836
838
841
843
848
852
852
853
856
859
859
864
867
868
869
870
870
871
874
875
875
876
876
877
885
885
889
890
891
893
894
896
898
905
907
914
917
923
924
927
929
931
931
931
932
932
933
934
934
937
937
941
942
942
943
944
945
946
947
948
949
949
950
952
955
961
967
968
969
969
973
974
981
988
991
993
997
999
1001
1004
1016
1016
1018
1019
1019
1020
1020
1021
1022
1023
1025
1026
1027
1028
1029
1029
1033
1034
1035
1035
1037
1037
1038
1040
1040
1041
1043
1043
1044
1044
1045
1048
1049
1052
1056
1057
1058
1059
1062
1064
1066
1067
1072
1076
1076
1078
1079
1079
1081
1081
1084
1089
1090
1090
1091
1092
1093
1093
1094
1095
1095
1097
1097
1102
1102
1106
1107
1109
1109
1109
1110
1110
1112
1116
1118
1118
1129
1131
1131
1137
1138
1140
1143
1143
1144
1145
1146
1148
1150
1151
1153
1157
1159
1159
1162
1162
1165
1165
1167
1168
1168
1172
1172
1174
1174
1175
1176
1178
1183
1184
1189
1191
1192
1195
1196
1198
1201
1202
1202
1205
1205
1205
1207
1210
1211
1212
1216
1216
1217
1218
1219
1219
1220
1227
1232
1233
1238
1238
1244
1244
1245
1255
1256
1257
1259
1259
1263
1266
1266
1267
1269
1269
1269
1270
1274
1282
1296
1298
1300
1301
1303
1303
1305
1307
1309
1311
1317
1318
1323
1326
1327
1328
1330
1331
1331
1343
1343
1344
1346
1348
1349
1350
1352
1358
1358
1359
1359
1363
1368
1370
1374
1376
1380
1380
1381
1381
1384
1384
1388
1390
1392
1394
1395
1396
1397
1398
1399
1402
1404
1405
1405
1408
1409
1412
1414
1414
1415
1416
1425
1431
1432
1433
1439
1440
1441
1442
1446
1446
1446
1450
1450
1454
1458
1459
1459
1460
1464
1464
1465
1468
1471
1472
1473
1473
1475
1476
1480
1481
1482
1485
1486
1488
1492
1495
1495
1497
1500
1502
1503
1504
1508
1513
1516
1518
1522
1523
1529
1532
1533
1534
1534
1534
1535
1542
1544
1545
1549
1552
1553
1554
1559
1559
1561
1569
1575
1575
1576
1579
1584
1587
1588
1591
1591
1592
1592
1593
1598
1600
1601
1602
1603
1606
1613
1627
1628
1628
1632
1635
1635
1636
1637
1641
1644
1650
1657
1659
1659
1661
1664
1666
1668
1679
1679
1680
1681
1681
1682
1683
1684
1685
1686
1687
1688
1689
1690
1691
1692
1693
1693
1694
1698
1699
1699
1699
1699
1699
1704
1705
1706
1707
1709
1711
1714
1714
1715
1715
1715
1718
1718
1721
1726
1727
1728
1729
1731
1733
1734
1734
1734
1735
1735
1741
1744
1746
1747
1753
1753
1757
1757
1759
1762
1763
1765
1767
1768
1768
1769
1770
1775
1780
1780
1782
1782
1783
1783
1786
1787
1789
1790
1791
1797
1798
1798
1801
1802
1813
1813
1819
1819
1819
1820
1820
1820
1821
1823
1825
1825
1828
1829
1836
1839
1839
1839
1840
1846
1846
1847
1848
1851
1852
1857
1859
1859
1860
1861
1861
1864
1867
1869
1871
1871
1872
1874
1874
1876
1878
1882
1884
1885
1885
1888
1888
1889
1890
1899
1905
1907
1913
1915
1915
1915
1918
1919
1920
1921
1924
1925
1925
1926
1927
1927
1928
1928
1930
1931
1932
1932
1932
1934
1937
1937
1945
1947
1954
1956
1958
1959
1961
1963
1965
1967
1970
1972
1973
1975
1975
1976
1979
1982
1984
1985
1986
1988
1990
1991
1994
1995
1995
1996
1996
1998
2000
2000
2002
2003
2007
2009
2012
2016
2025
2028
2029
2031
2039
2045
2045
2046
2050
2050
2050
2054
2057
2058
2059
2068
2069
2073
2076
2078
2078
2081
2083
2083
2085
2085
2087
2088
2088
2093
2094
2097
2102
2102
2103
2104
2105
2105
2106
2113
2115
2115
2116
2117
2119
2119
2120
2121
2124
2124
2126
2126
2126
2127
2134
2135
2145
2145
2147
2147
2149
2149
2151
2154
2154
2156
2160
2163
2163
2164
2168
2169
2173
2176
2177
2177
2179
2183
2183
2184
2185
2192
2198
2202
2205
2205
2206
2209
2209
2209
2211
2215
2215
2217
2220
2221
2222
2224
2225
2227
2228
2229
2234
2243
2244
2246
2247
2251
2252
2253
2254
2254
2254
2256
2261
2262
2262
2263
2264
2266
2268
2269
2274
2277
2279
2279
2281
2283
2283
2286
2286
2287
2288
2288
2289
2290
2291
2293
2295
2297
2297
2298
2302
2304
2305
2305
2305
2306
2307
2309
2313
2314
2319
2322
2324
2327
2330
2332
2332
2333
2333
2336
2336
2340
2343
2351
2354
2355
2356
2356
2357
2359
2362
2362
2364
2367
2367
2370
2376
2377
2383
2384
2386
2386
2387
2388
2399
2401
2401
2404
2405
2406
2407
2409
2412
2412
2413
2419
2423
2425
2426
2429
2429
2429
2437
2437
2440
2441
2441
2442
2443
2443
2443
2443
2444
2444
2447
2447
2450
2451
2453
2457
2459
2460
2463
2466
2469
2475
2475
2478
2479
2480
2482
2484
2486
2487
2490
2490
2490
2497
2502
2502
2503
2503
2504
2506
2511
2513
2513
2517
2518
2522
2523
2523
2524
2524
2525
2527
2530
2530
2532
2535
2536
2537
2538
2539
2540
2542
2542
2543
2544
2557
2557
2560
2561
2574
2574
2575
2577
2578
2579
2583
2586
2587
2589
2591
2592
2594
2595
2599
2602
2603
2606
2607
2608
2608
2609
2613
2614
2617
2618
2618
2618
2619
2621
2624
2626
2630
2631
2636
2637
2642
2643
2644
2645
2646
2647
2648
2650
2650
2650
2651
2656
2656
2657
2658
2659
2660
2660
2660
2662
2666
2667
2673
2674
2674
2675
2677
2678
2679
2682
2682
2686
2689
2690
2690
2691
2693
2694
2695
2699
2701
2703
2705
2710
2713
2713
2714
2716
2717
2718
2719
2722
2728
2730
2732
2734
2736
2737
2743
2744
2749
2749
2752
2754
2755
2755
2758
2759
2760
2760
2761
2761
2767
2767
2769
2781
2784
2785
2785
2790
2794
2795
2795
2796
2797
2799
2803
2803
2804
2812
2812
2813
2815
2820
2823
2823
2824
2825
2826
2828
2829
2830
2835
2836
2842
2845
2850
2852
2853
2857
2858
2860
2861
2862
2863
2868
2875
2877
2878
2879
2881
2884
2884
2887
2895
2896
2900
2903
2903
2905
2905
2907
2908
2911
2912
2912
2913
2915
2916
2917
2917
2917
2919
2920
2926
2929
2929
2930
2931
2933
2936
2936
2937
2937
2939
2940
2948
2953
2957
2963
2971
2973
2973
2977
2978
2981
2982
2983
2984
2984
2985
2991
2991
2996
2997
3000
3008
3010
3015
3018
3018
3019
3020
3022
3022
3024
3027
3030
3031
3037
3038
3040
3041
3041
3043
3043
3044
3044
3048
3050
3055
3058
3061
3064
3068
3071
3075
3075
3078
3080
3081
3083
3084
3085
3087
3089
3089
3094
3095
3096
3097
3098
3102
3102
3108
3109
3109
3109
3110
3114
3121
3121
3122
3122
3126
3127
3129
3132
3136
3138
3146
3147
3147
3149
3150
3152
3154
3156
3158
3164
3167
3167
3168
3169
3171
3174
3174
3176
3176
3176
3177
3178
3181
3187
3188
3188
3189
3190
3192
3194
3195
3196
3196
3198
3198
3199
3199
3200
3200
3205
3205
3206
3207
3210
3211
3217
3217
3217
3219
3221
3222
3236
3237
3237
3237
3239
3240
3241
3244
3245
3248
3249
3249
3253
3254
3259
3262
3264
3266
3274
3275
3279
3280
3280
3281
3284
3288
3288
3288
3292
3297
3298
3298
3305
3306
3311
3321
3322
3324
3325
3328
3329
3330
3330
3331
3333
3334
3337
3339
3339
3339
3339
3340
3344
3345
3345
3346
3349
3350
3353
3356
3357
3358
3363
3364
3364
3365
3366
3371
3372
3374
3378
3380
3381
3381
3382
3382
3385
3390
3391
3392
3396
3398
3399
3405
3406
3408
3408
3410
3411
3417
3418
3418
3420
3425
3429
3432
3432
3432
3433
3434
3434
3434
3438
3440
3441
3441
3445
3449
3449
3451
3453
3454
3455
3456
3457
3458
3458
3460
3463
3465
3469
3470
3472
3473
3475
3477
3479
3479
3482
3483
3484
3485
3486
3488
3490
3491
3493
3495
3498
3498
3499
3503
3503
3504
3506
3506
3511
3512
3513
3515
3518
3518
3521
3523
3523
3525
3526
3527
3528
3533
3541
3542
3543
3544
3545
3546
3547
3553
3557
3558
3559
3559
3560
3561
3561
3563
3566
3568
3568
3570
3571
3572
3574
3576
3578
3581
3582
3583
3586
3587
3588
3592
3594
3595
3596
3598
3599
3602
3602
3603
3603
3604
3607
3608
3608
3610
3612
3614
3616
3618
3628
3637
3638
3639
3641
3642
3642
3642
3643
3643
3647
3648
3648
3649
3652
3657
3659
3660
3661
3663
3665
3666
3668
3670
3672
3674
3675
3676
3679
3681
3682
3683
3694
3697
3697
3697
3698
3699
3700
3701
3702
3702
3702
3704
3704
3709
3709
3710
3710
3711
3716
3717
3719
3721
3721
3726
3726
3726
3727
3727
3730
3731
3732
3734
3746
3753
3756
3758
3758
3760
3768
3771
3772
3774
3777
3777
3780
3780
3780
3785
3788
3792
3796
3801
3802
3804
3807
3809
3812
3819
3820
3820
3823
3823
3823
3824
3826
3827
3827
3829
3830
3831
3832
3834
3836
3840
3840
3847
3848
3851
3852
3853
3854
3856
3857
3858
3861
3864
3867
3869
3871
3873
3875
3876
3876
3876
3878
3882
3886
3896
3897
3899
3902
3902
3905
3905
3911
3911
3920
3921
3922
3922
3923
3927
3927
3928
3929
3932
3936
3936
3938
3940
3941
3942
3942
3942
3942
3945
3945
3949
3951
3953
3955
3955
3958
3961
3965
3968
3970
3973
3981
3986
3989
3989
3991
3997
3999
4000
4001
4002
4003
4005
4005
4008
4009
4011
4012
4017
4019
4022
4025
4025
4025
4029
4029
4029
4030
4033
4035
4036
4036
4037
4039
4039
4041
4042
4046
4048
4050
4054
4055
4056
4057
4061
4062
4063
4065
4066
4068
4080
4082
4087
4088
4091
4094
