sq   rt(2-sin(3*		A/B)^2)+0.    5*(C*~(D)+3.1		1+B)
20 10000000
C 3.25 18. 0.01 .01 .02 .04 .08 .02 .02 .05 .065 .08 .1 .13 .2 .05 .04 .04 .03 .01 .005 .0
A 0 7.5 .054 .031 .016 .008 .116 .124 .147 .155 .039 .023 .016 .008 .124 .062 .031 .016 .008 .008 .008 .006
D -1.5 0.5 .012 .025 .05 .1 .1 .1 .025 .012 0 0 0 .012 .025 .1 .2 .1 .05 .039 .025 .025
B 1 3 .117 .058 .029 .015 .007 .007 .007 .015 .022 .029 .036 .044 .051 .058 .066 .073 .080 .088 .095 .103

20 10000
A 0 7.5 .054 .031 .016 .008 .116 .124 .147 .155 .039 .023 .016 .008 .124 .062 .031 .016 .008 .008 .008 .006
B 1 3 .117 .058 .029 .015 .007 .007 .007 .015 .022 .029 .036 .044 .051 .058 .066 .073 .080 .088 .095 .103

A*B
4 10000
A -2 2 0.25 0.25 0.25 0.25
B 0  0.25 0.25 0.25 0.25

sin(3*A/B) = -0.07698458953
(sin(3*A/B))^2.5 = -0.00164440767


2147483647
10000000
